# relative_time, cycles_done, cur_item, corpus_count, pending_total, pending_favs, map_size, saved_crashes, saved_hangs, max_depth, execs_per_sec, total_execs, edges_found
61, 5, 0, 1, 0, 0, 0.00%, 0, 0, 1, 103.37, 6587, 6
66, 5, 0, 1, 0, 0, 0.00%, 0, 0, 1, 95.27, 7042, 6
71, 5, 0, 1, 0, 0, 0.00%, 0, 0, 1, 100.36, 7561, 6
76, 6, 0, 1, 0, 0, 0.00%, 0, 0, 1, 97.80, 8057, 6
81, 6, 0, 1, 0, 0, 0.00%, 0, 0, 1, 94.62, 8545, 6
86, 6, 0, 1, 0, 0, 0.00%, 0, 0, 1, 104.28, 9050, 6
91, 7, 0, 1, 0, 0, 0.00%, 0, 0, 1, 92.52, 9521, 6
97, 7, 0, 1, 0, 0, 0.00%, 0, 0, 1, 93.46, 10005, 6
102, 7, 0, 1, 0, 0, 0.00%, 0, 0, 1, 97.47, 10497, 6
107, 8, 0, 1, 0, 0, 0.00%, 0, 0, 1, 88.04, 10938, 6
112, 8, 0, 1, 0, 0, 0.00%, 0, 0, 1, 85.73, 11389, 6
117, 8, 0, 1, 0, 0, 0.00%, 0, 0, 1, 89.74, 11860, 6
119, 9, 0, 1, 0, 0, 0.00%, 0, 0, 1, 103.90, 12100, 6
