# relative_time, cycles_done, cur_item, corpus_count, pending_total, pending_favs, map_size, saved_crashes, saved_hangs, max_depth, execs_per_sec, total_execs, edges_found
61, 4, 0, 1, 0, 0, 0.00%, 0, 0, 1, 73.71, 6323, 7
66, 5, 0, 1, 0, 0, 0.00%, 0, 0, 1, 103.89, 6855, 7
71, 5, 0, 1, 0, 0, 0.00%, 0, 0, 1, 101.04, 7371, 7
76, 6, 0, 1, 0, 0, 0.00%, 0, 0, 1, 96.77, 7843, 7
81, 6, 0, 1, 0, 0, 0.00%, 1, 0, 1, 102.32, 8393, 7
86, 6, 0, 1, 0, 0, 0.00%, 1, 0, 1, 81.57, 8788, 7
91, 7, 0, 1, 0, 0, 0.00%, 1, 0, 1, 93.99, 9273, 7
96, 7, 0, 1, 0, 0, 0.00%, 1, 0, 1, 104.35, 9822, 7
101, 7, 0, 1, 0, 0, 0.00%, 1, 0, 1, 110.04, 10387, 7
107, 8, 0, 1, 0, 0, 0.00%, 1, 0, 1, 105.47, 10908, 7
112, 8, 0, 1, 0, 0, 0.00%, 1, 0, 1, 96.77, 11405, 7
117, 8, 0, 1, 0, 0, 0.00%, 1, 0, 1, 90.32, 11870, 7
122, 9, 0, 1, 0, 0, 0.00%, 1, 0, 1, 105.69, 12430, 7
127, 9, 0, 1, 0, 0, 0.00%, 1, 0, 1, 105.17, 12993, 7
132, 10, 0, 1, 0, 0, 0.00%, 1, 0, 1, 93.57, 13458, 7
137, 10, 0, 1, 0, 0, 0.00%, 1, 0, 1, 80.99, 13863, 7
143, 10, 0, 1, 0, 0, 0.00%, 1, 0, 1, 80.08, 14285, 7
148, 10, 0, 1, 0, 0, 0.00%, 1, 0, 1, 80.04, 14692, 7
153, 11, 0, 1, 0, 0, 0.00%, 1, 0, 1, 92.38, 15174, 7
158, 11, 0, 1, 0, 0, 0.00%, 1, 0, 1, 104.09, 15721, 7
163, 12, 0, 1, 0, 0, 0.00%, 1, 0, 1, 118.75, 16336, 7
168, 12, 0, 1, 0, 0, 0.00%, 1, 0, 1, 96.20, 16832, 7
173, 12, 0, 1, 0, 0, 0.00%, 1, 0, 1, 83.96, 17243, 7
179, 13, 0, 1, 0, 0, 0.00%, 1, 0, 1, 88.15, 17692, 7
179, 13, 0, 1, 0, 0, 0.00%, 1, 0, 1, 89.64, 17768, 7
