# relative_time, cycles_done, cur_item, corpus_count, pending_total, pending_favs, map_size, saved_crashes, saved_hangs, max_depth, execs_per_sec, total_execs, edges_found
61, 3, 1, 2, 0, 0, 0.00%, 1, 0, 1, 112.22, 6687, 6
66, 4, 1, 2, 0, 0, 0.00%, 1, 0, 1, 98.63, 7194, 6
71, 4, 1, 2, 0, 0, 0.00%, 1, 0, 1, 89.14, 7640, 6
76, 4, 1, 2, 0, 0, 0.00%, 1, 0, 1, 87.65, 8089, 6
81, 4, 1, 2, 0, 0, 0.00%, 1, 0, 1, 108.23, 8634, 6
86, 5, 1, 2, 0, 0, 0.00%, 1, 0, 1, 115.64, 9224, 6
91, 5, 1, 2, 0, 0, 0.00%, 1, 0, 1, 114.27, 9821, 6
96, 5, 1, 2, 0, 0, 0.00%, 1, 0, 1, 97.03, 10299, 6
102, 6, 1, 2, 0, 0, 0.00%, 1, 0, 1, 104.30, 10815, 6
107, 6, 1, 2, 0, 0, 0.00%, 1, 0, 1, 105.64, 11362, 6
112, 6, 1, 2, 0, 0, 0.00%, 1, 0, 1, 102.31, 11877, 6
117, 6, 1, 2, 0, 0, 0.00%, 1, 0, 1, 89.03, 12312, 6
119, 7, 1, 2, 0, 0, 0.00%, 1, 0, 1, 97.14, 12573, 6
